push_trans,
	0.8660254038,	0.5,	0,
	-0.5,	0.8660254038,	0,
	0,	0,	1,

move, -150, 20,
line, 150, 20,
line, 150, -20,
line, -150, -20,
line, -150, 20,
close,

push_trans,
	0.8660254038,	0.5,	0,
	-0.5,	0.8660254038,	0,
	0,	0,	1,

move, -150, 20,
line, 150, 20,
line, 150, -20,
line, -150, -20,
line, -150, 20,
close,

push_trans,
	0.8660254038,	0.5,	0,
	-0.5,	0.8660254038,	0,
	0,	0,	1,

move, -150, 20,
line, 150, 20,
line, 150, -20,
line, -150, -20,
line, -150, 20,
close,


push_trans,
	0.8660254038,	0.5,	0,
	-0.5,	0.8660254038,	0,
	0,	0,	1,

move, -150, 20,
line, 150, 20,
line, 150, -20,
line, -150, -20,
line, -150, 20,
close,

push_trans,
	0.8660254038,	0.5,	0,
	-0.5,	0.8660254038,	0,
	0,	0,	1,

move, -150, 20,
line, 150, 20,
line, 150, -20,
line, -150, -20,
line, -150, 20,
close,

push_trans,
	0.8660254038,	0.5,	0,
	-0.5,	0.8660254038,	0,
	0,	0,	1,

move, -150, 20,
line, 150, 20,
line, 150, -20,
line, -150, -20,
line, -150, 20,
close,

push_trans,
	0.8660254038,	0.5,	0,
	-0.5,	0.8660254038,	0,
	0,	0,	1,

move, -150, 20,
line, 150, 20,
line, 150, -20,
line, -150, -20,
line, -150, 20,
close,

push_trans,
	0.8660254038,	0.5,	0,
	-0.5,	0.8660254038,	0,
	0,	0,	1,

move, -150, 20,
line, 150, 20,
line, 150, -20,
line, -150, -20,
line, -150, 20,
close,

push_trans,
	0.8660254038,	0.5,	0,
	-0.5,	0.8660254038,	0,
	0,	0,	1,

move, -150, 20,
line, 150, 20,
line, 150, -20,
line, -150, -20,
line, -150, 20,
close,


push_trans,
	0.8660254038,	0.5,	0,
	-0.5,	0.8660254038,	0,
	0,	0,	1,

move, -150, 20,
line, 150, 20,
line, 150, -20,
line, -150, -20,
line, -150, 20,
close,

push_trans,
	0.8660254038,	0.5,	0,
	-0.5,	0.8660254038,	0,
	0,	0,	1,

move, -150, 20,
line, 150, 20,
line, 150, -20,
line, -150, -20,
line, -150, 20,
close,

push_trans,
	0.8660254038,	0.5,	0,
	-0.5,	0.8660254038,	0,
	0,	0,	1,

move, -150, 20,
line, 150, 20,
line, 150, -20,
line, -150, -20,
line, -150, 20,
close,

push_trans,
	0.8660254038,	0.5,	0,
	-0.5,	0.8660254038,	0,
	0,	0,	1,

move, -150, 20,
line, 150, 20,
line, 150, -20,
line, -150, -20,
line, -150, 20,
close,

end
